000887
003965
004194
003519
001825
005742
001690
001453
003458
003015
001288
001241
007365
001870
007833
004149
000705
005175
000430
002938
005914
002136
005391
003797
003200
004885
002034
003436
001004
003844
000236
001247
002713
002603
006212
005161
002520
007685
002202
000690
003072
001365
000740
002051
000486
003656
000845
003074
002196
000435
001669
002721
000763
002633
001699
001084
002847
002120
004722
002268
005828
002468
003949
001894
002276
002896
002637
003960
001443
002765
001934
004389
001673
003674
000173
001787
000794
000048
003732
001732
000667
002605
000044
000544
002109
000400
001071
000241
001512
001185
003229
001971
004016
003779
003704
003403
003290
004686
005128
004013
001685
005699
004345
001906
002435
002706
001610
000256
004404
002869
001922
001001
001761
003735
006374
000347
000645
001277
001927
005370
002310
002737
001782
007052
004307
002039
003199
002001
000268
006443
003455
003657
003679
002091
001940
002391
003594
002465
006025
001497
007718
002067
000921
004674
001102
006965
003620
007125
002804
004812
000514
002500
001638
005825
000474
003233
004528
001556
004459
003330
001964
002483
000610
003098
004455
000214
001730
003918
006098
000232
004553
006162
000431
006306
000962
003937
003032
005406
003349
002919
003876
003912
001981
000912
003522
003294
002942
003860
003722
001064
003155
005171
001486
005574
002255
000077
004241
004643
005614
003492
007743
003948
004902
002249
002461
000032
001847
000906
003210
001236
003065
001936
000710
000991
000862
004931
002791
004502
002392
003126
007460
004170
004834
001314
000738
000528
003500
004748
003919
001807
005369
000395
004396
002858
004025
001260
000826
000194
003000
003242
001933
003254
002738
004195
001528
003404
003256
001337
003814
000215
003127
002635
004077
005358
000407
002571
001952
005325
005340
001586
005073
002586
003646
003645
000099
002479
003066
001378
004789
004146
002659
002760
003811
000340
000296
002448
003369
000033
000009
002766
000934
001273
000489
001816
006436
000917
003183
006304
005487
006673
001061
002302
002375
000073
004905
002653
004788
006129
004076
000363
001405
002709
000189
005713
003898
000141
005150
000061
002445
003223
003905
006867
002333
000714
000382
004323
002000
000483
001632
003979
002165
004815
007139
001541
000403
003415
000647
004051
004129
007449
000982
000064
004950
000815
002145
001545
000354
003133
003618
004995
003565
004287
002785
002261
003085
002547
001289
004052
001463
002555
000764
000577
000563
001724
007289
001332
002437
000872
002288
002403
001375
000424
002995
000857
004150
003008
000325
001395
001230
003308
003213
003691
001387
004498
004555
000908
002020
001110
002969
003667
006480
006123
002102
000109
004376
002471
003675
004031
001842
002678
006079
002043
002037
005655
000713
002099
000896
001768
003082
001078
003669
005860
000549
001915
000133
004535
000228
001727
007521
003763
002944
001557
003118
000796
000275
003939
001707
006350
002621
003316
004258
000017
001136
001818
002786
001976
003772
005431
004371
002796
002372
003625
002717
003112
000370
003386
005094
002472
004958
004390
001121
006549
007477
000508
003623
001298
003525
004841
006357
005509
003184
005320
000143
005600
000513
001858
004009
000657
001015
002984
001739
000682
004391
001002
002354
000372
003871
003416
004537
001855
002308
003974
004487
003984
006067
001484
000328
006349
004450
001160
003969
005496
001436
000931
005952
000731
005181
000936
000122
003299
004325
002952
004224
005714
004896
004196
005108
002664
004185
003524
002836
005465
000619
004117
000130
003307
003189
005337
003773
002234
004839
000150
004464
001840
001107
000480
002684
000799
004634
003793
005217
001400
000695
004651
001361