000516
000912
003886
001699
000077
003169
003270
000763
002279
001277
005128
002547
005620
005320
000931
004651
001241
003223
002190
003032
002448
001582
003330
002302
000513
001860
004656
000215
004839
001855
003732
001420
004459
003656
005431
003979
004570
002938
000647
003861
004896
002461
000921
005337
005175
004634
004009
006349
001375
002842
001325
003121
004391
000150
006965
001107
005391
002762
003074
000118
004339
001528
001185
003338
004995
003522
002067
004537
001755
002796
002212
004606
001289
003065
000702
001071
004748
004686
003133
002403
002348
004815
006184
000236
004379
003939
003546
003000
000141
001009
000275
000117
004117
001230
001102
001413
003991
006660
002664
007139
003242
000850
001043
003290
001690
003704
003669
002202
001160
002984
003098
004487
001732
001915
002266
002196
002099
001004
002435
005714
002109
001971
001927
004077
000610
002944
000400
001825
004287
005914
000173
001632
006208
001387
005655
003984
002375
001481
006123
000209
002942
004450
001378
001361
001911
000934
003429
002407
003045
000528
000680
001730
005860
001497
002129
000489
003118
002934
001906
003948
007718
002838
001136
003294
002896
004185
000242
001298
003493
001064
001270
005465
004135
004872
000917
004372
007521
000695
002120
000682
001365
002633
004555
006523
001586
002800
002786
000431
000073
002500
003620
002637
006279
001041
003565
002091
002042
000519
003639
001156
000009
003017
004464
001233
001015
004885
001247
002605
003337
002000
004834
001061
000430
001976
002183
000731
004535
000936
002405
000876
002836
005358
001597
003386
007685
000154
004241
003554
003106
004902
006098
000474
004013
006443
002213
001842
001348
002657
000796
000524
007052
002470
004404
007365
003754
001669
003116
000194
004258
000354
001768
004035
001936
006215
006304
003008
005016
001541
006281
003691
006673
000544
001144
003404
002858
004643
005094
005952
003500
004170
004390
004455
000470
003365
002684
002571
005114
001273
006549
003889
004016
002001
001404
001684
003623
002520
003667
002136
001211
000296
004396
003066
002678
003492
000017
001082
004371
003618
005699
003524
006162
000508
000740
004498
002392
001136
002480
000832
003811
002043
003918
001341
001486
000879
004307
005600
000370
002445
004662
000130
001176
003807
001922
002919
003273
002472
000228
001685
002333
001110
001254
002869
002265
003519
004194
000483
003307
003814
000382
000325
001556
003594
000158
001807
000232
004351
002483
001523
004968
002465
001894
006983
004789
000908
002391
001960
003735
001074
003828
005393
003127
002354
004470
000862
003844
001981
003256
002718
000109
001436
000552
005340
001084
004841
002603
007477
006480
005181
002766
001787
002037
003871
000372
001982
002439
001484
003645
002165
000294
004310
002215
000799
003213
007449
003455
002094
000523
003860
002873
001816
001337
000667
003611
002471
002288
000857
001727
005081
003614
002403
003184
002737
005614
006306
005217
000328
004788
002760
000730
001515
007803
004150
000214
003436
004224
000099
004958
000845
003863
002273
000514
000563
003272
001840
006258
000407
001628
006212
001260
002255
003960
000764
001463
001400
004905
001443
006529
006867
002513
003779
001638
005073
001782
003890
000794
000064
000954
001610
006357
003392
002969
004051
007460
006374
002706
004195
003970
002187
002717
000332
000061
003993
002774
005257
001332
001205
001673
001647
004325
007833
002479
003722
000268
005108
001818
000403
000896
000046
005150
003727
003679
001557
001964
000738
002261
003308
004452
003015
007125
004528
005895
000143
006953
003082
001121
006433
000645
002034
004674
002952
002653
002635
003586
003085
004502
002659
000887
002924
001207
003773
002713
002158
006067
000486
003937