000032
000033
000117
000228
000256
000268
000325
000431
000480
000514
000552
000610
000647
000657
000730
000738
000763
000815
000845
000872
000887
000896
000908
000934
000936
000982
001012
001102
001107
001144
001160
001230
001270
001277
001288
001332
001400
001436
001545
001557
001638
001708
001761
001842
001858
001870
001911
001922
001936
002001
002099
002129
002255
002266
002279
002348
002354
002376
002439
002472
002513
002737
002765
002847
002869
002873
002942
003000
003028
003032
003133
003183
003200
003229
003233
003299
003365
003369
003386
003455
003493
003554
003667
003773
003876
003886
003993
004009
004052
004135
004196
004224
004286
004351
004379
004390
004391
004396
004452
004459
004470
004528
004555
004570
004606
004643
004674
004748
004812
004841
004896
004905
004982
005016
005079
005108
005175
005290
005358
005391
005393
005406
005465
005487
005509
005574
005600
005620
005655
005828
005895
005952
006025
006067
006129
006162
006184
006208
006212
006258
006279
006306
006349
006350
006374
006433
006443
006480
006523
006529
000046
000048
000064
000109
000141
000158
000189
000236
000294
000340
000363
000395
000424
000489
000508
000619
000645
000680
000682
000714
000731
000796
000832
000850
000880
000917
000954
000964
000980
001004
001015
001041
001061
001074
001136
001207
001250
001260
001273
001289
001341
001348
001361
001365
001375
001378
001413
001453
001512
001528
001597
001647
001684
001685
001707
001739
001782
001787
001818
001853
001855
001860
001896
001915
001933
001952
001964
002020
002037
002051
002094
002102
002120
002136
002158
002165
002212
002265
002276
002310
002333
002403
002468
002547
002571
002579
002586
002603
002621
002635
002664
002709
002717
002718
002721
002762
002791
002836
002896
002919
002938
002969
002984
003066
003072
003074
003082
003112
003116
003118
003126
003155
003199
003242
003250
003254
003256
003270
003273
003316
003330
003338
003349
003377
003416
003458
003519
003524
003565
003594
003614
003623
003646
003675
003679
003704
003727
003748
003803
003828
003871
003898
003905
003918
003949
003965
003969
003979
004013
004025
000061
000073
000130
000154
000184
000232
000241
000296
000370
000382
000474
000513
000519
000563
000608
000713
000740
000742
000826
000862
000906
000931
001002
001121
001136
001176
001205
001247
001298
001325
001463
001481
001484
001497
001732
001847
001976
002000
002039
002091
002208
002234
002288
002302
002372
002392
002403
002435
002465
002479
002500
002605
002653
002659
002738
002838
003008
003065
003098
003223
003337
003404
003413
003639
003657
003669
003722
003797
003811
003860
003861
003863
003919
003974
004170
004194
004241
004246
004258
004325
004371
004464
004498
004532
004592
004651
004839
004885
004931
004958
005073
005108
005128
005150
005171
005181
005217
005257
005320
005325
005337
005340
005369
005370
005420
005431
005496
005614
005699
005705
005713
005714
005742
005825
005860
005914
006046
006079
006098
006123
006215
006281
006304
006357
006436
006542
006549
006660
006673
006773
006867
006874
006953
006965
006983
007052
007125
007139
007289
007365
007449
007460
007477
007521
007533
007685
007718
007743
007803
007833
000019
000044
000077
000099
000118
000122
000143
000209
000215
000242
000354
000400
000403
000430
000486
000516
000528
000544
000549
000690
000705
000710
000794
000857
000876
000912
000921
000962
001001
001009
001043
001078
001082
001110
001156
001185
001211
001233
001274
001314
001387
001395
001404
001443
001486
001541
001555
001582
001610
001669
001673
001747
001755
001768
001816
001825
001840
001888
001906
001934
001940
001971
001981
001982
002006
002034
002058
002067
002095
002109
002145
002151
002196
002202
002215
002268
002308
002375
002391
002407
002437
002441
002445
002461
002470
002480
002483
002637
002677
002706
002760
002766
002785
002796
002924
002934
002944
002952
002995
003031
003045
003085
003106
003127
003169
003184
003213
003272
003308
003351
003392
003415
003500
003522
003525
003546
003586
003620
003656
003674
003763
003780
003788
003793
003807
003814
003844
003890
003912
003937
003984
003991
004016
004031
004035
004076
004129
004149
004150
004185
004212
004287
004310
004345
004376
004404
004432
004446
004455
004502
000009
000017
000133
000150
000173
000194
000214
000275
000328
000332
000347
000372
000407
000435
000470
000483
000523
000524
000577
000667
000695
000702
000760
000764
000799
000879
000991
001064
001071
001084
001236
001241
001254
001287
001337
001405
001420
001515
001523
001556
001586
001628
001632
001690
001699
001724
001727
001730
001766
001807
001894
001927
001945
001960
002042
002043
002183
002187
002190
002213
002238
002249
002261
002273
002329
002405
002448
002471
002520
002555
002633
002657
002678
002684
002713
002735
002774
002786
002800
002804
002842
002858
003015
003017
003027
003121
003189
003210
003290
003294
003303
003307
003362
003403
003424
003429
003436
003492
003611
003618
003625
003645
003691
003696
003732
003735
003754
003772
003779
003889
003939
003948
003960
003970
004051
004077
004117
004146
004168
004195
004307
004323
004339
004372
004389
004450
004487
004535
004537
004553
004625
004634
004656
004662
004686
004722
004788
004789
004815
004834
004872
004902
004935
004950
004968
004995
005081
005094
005114
005161
